<?xml version="1.0" encoding="UTF-8" standalone="no"?>
<!-- Created with Inkscape (http://www.inkscape.org/) -->

<svg
   width="210mm"
   height="297mm"
   viewBox="0 0 210 297"
   version="1.1"
   id="svg5"
   inkscape:version="1.1.2 (08b2f3d93c, 2022-04-05)"
   sodipodi:docname="drawing1111.svg"
   xmlns:inkscape="http://www.inkscape.org/namespaces/inkscape"
   xmlns:sodipodi="http://sodipodi.sourceforge.net/DTD/sodipodi-0.dtd"
   xmlns="http://www.w3.org/2000/svg"
   xmlns:svg="http://www.w3.org/2000/svg">
  <sodipodi:namedview
     id="namedview7"
     pagecolor="#ffffff"
     bordercolor="#999999"
     borderopacity="1"
     inkscape:pageshadow="0"
     inkscape:pageopacity="0"
     inkscape:pagecheckerboard="0"
     inkscape:document-units="mm"
     showgrid="false"
     showguides="true"
     inkscape:guide-bbox="true"
     inkscape:zoom="0.75187991"
     inkscape:cx="396.53939"
     inkscape:cy="561.78408"
     inkscape:window-width="1848"
     inkscape:window-height="1016"
     inkscape:window-x="72"
     inkscape:window-y="27"
     inkscape:window-maximized="1"
     inkscape:current-layer="layer1" />
  <defs
     id="defs2">
    <rect
       x="618.51623"
       y="134.27361"
       width="405.62245"
       height="74.267113"
       id="rect6908" />
  </defs>
  <g
     inkscape:label="Layer 1"
     inkscape:groupmode="layer"
     id="layer1">
    <path
       id="path880"
       style="fill:none;stroke:#000000;stroke-width:0.999999px;stroke-linecap:butt;stroke-linejoin:miter;stroke-opacity:1"
       transform="scale(0.26458333)"
       d="m 161.31836,130.07812 c 6.38976,5.65335 12.89074,11.18147 19.66992,16.36329 -4.85053,-4.95745 -9.80796,-9.82296 -14.52734,-14.89453 -0.38478,-0.41351 -0.76661,-0.82973 -1.15039,-1.24415 -1.32319,-0.0915 -2.66142,-0.14986 -3.99219,-0.22461 z m 25.02148,3.29688 c 4.55534,4.872 8.64612,9.27956 11.52344,12.375 2.65683,-0.94915 5.34107,-1.79979 8.07031,-2.42773 -5.26338,-3.13892 -10.06912,-5.84848 -14.64062,-8.34375 -1.63549,-0.56905 -3.25931,-1.16356 -4.95313,-1.60352 z m -48.44922,10.06445 c -2.77817,5.36869 -5.32229,11.54848 -7.58593,18.59766 7.4834,0.0207 14.96984,0.17081 22.44531,-0.13867 -0.77217,-1.94889 -1.55558,-3.90226 -2.11914,-5.89258 -0.0493,-0.17425 -0.0845,-0.58036 -0.13086,-0.83203 -4.43307,-4.06985 -8.47037,-7.87536 -12.60938,-11.73438 z m 30.3418,9.73828 c -0.007,0.0907 0.008,0.17965 0,0.27344 0.50571,0.46845 0.6457,0.59345 1.16797,1.07813 1.68151,1.49114 2.77339,2.60592 4.21289,3.96093 0.23604,-0.15206 0.48298,-0.30618 0.71484,-0.45703 -2.07097,-1.56799 -4.05538,-3.24718 -6.0957,-4.85547 z m 49.85742,1.4668 c -3.4536,0.26565 -6.88271,0.88313 -10.25781,1.8125 0.50239,0.5692 0.84983,1.0694 1.31445,1.60938 3.79952,-0.28606 7.37612,-0.57124 11.06446,-0.85743 -0.7011,-0.86078 -1.39453,-1.72794 -2.1211,-2.56445 z m 27.23243,13.87891 c -0.94173,0.0954 -2.62246,0.21007 -3.67579,0.30859 1.66766,2.65577 3.30896,5.37041 4.92383,8.12891 0.72413,0.10062 1.15346,0.16375 1.85938,0.26172 0.01,0.0163 -0.0254,-0.0965 -0.0137,-0.0742 0.0132,0.0253 0.0259,0.0509 0.0391,0.0762 0.26916,0.0373 0.44243,0.0646 0.70898,0.10156 -0.48032,-3.42906 -1.63483,-5.84813 -3.20508,-8.35937 -0.20476,-0.13803 -0.43231,-0.30576 -0.63671,-0.44336 z m -16.03711,1.3457 c -3.61924,0.29135 -6.45304,0.56331 -10.21485,0.85547 0.0817,0.12459 0.24147,0.18463 0.31446,0.31641 0.13365,0.24132 0.21267,0.49552 0.32421,0.74218 0.29321,0.40588 0.67619,0.94366 0.96875,1.34766 4.29139,0.69322 8.1414,1.29257 11.6211,1.79883 -0.99575,-1.6943 -1.97654,-3.40036 -3.01367,-5.06055 z m -100.85547,6.60547 c -0.75401,0.0109 -1.45039,0.0861 -2.19727,0.10547 -0.67651,2.75222 -1.31023,5.61052 -1.92383,8.52148 1.2281,0.44437 2.5617,0.88562 3.71094,1.29883 1.64035,0.60848 3.2797,1.38882 4.96485,2.04688 4.23722,-3.80746 8.77575,-7.55667 13.64062,-11.30469 -6.14986,-0.35533 -12.34005,-0.75243 -18.19531,-0.66797 z m 38.52343,2.21094 c -0.0915,0.0629 -0.18412,0.12663 -0.27539,0.18945 -0.25823,7.4942 -0.32582,15.01078 -1.16406,22.43945 0.23701,-0.0592 0.47193,-0.12654 0.70899,-0.18554 14.12419,-3.51538 28.42871,-6.24497 42.70898,-9.08008 -9.50245,1.39566 -21.51746,-5.01318 -27.03516,-8.66016 -1.60409,-1.06024 -3.12779,-2.22454 -4.61914,-3.43164 -3.43331,-0.44603 -6.84314,-0.8855 -10.32422,-1.27148 z m -13.64843,9.98437 c -3.8774,3.04363 -7.53807,6.11843 -10.95117,9.20508 2.92825,1.636 5.89532,3.21486 8.75976,4.94336 0.41143,0.51591 0.4704,0.59691 0.85547,1.07812 0.8119,-5.03266 1.15388,-10.12055 1.33594,-15.22656 z m 62.25976,0.44531 c -0.44911,0.35633 -0.71976,0.83262 -1.22461,1.14649 -1.0243,0.63682 -2.15079,1.02958 -3.29687,1.36523 1.84882,-0.36889 3.69974,-0.72923 5.54687,-1.10547 -0.34445,-0.46672 -0.68502,-0.9364 -1.02539,-1.40625 z m 52.39063,4.29883 c -1.24731,0.26085 -2.49495,0.5201 -3.74219,0.78125 2.6736,2.65995 5.56486,5.16693 8.40039,7.72266 5.24436,-0.97028 10.60275,-1.83736 16.09961,-2.57617 -1.69035,-1.22763 -3.37647,-2.44664 -5.06836,-3.67969 -3.66915,-0.55757 -11.02695,-1.59118 -15.68945,-2.24805 z m -10.55664,2.20508 c -0.28845,0.0604 -0.57678,0.1213 -0.86524,0.18164 0.33257,0.69189 0.62332,1.41179 0.95118,2.10742 0.45099,0.2144 0.88845,0.45644 1.34374,0.66797 -0.47682,-0.98529 -0.95792,-1.96885 -1.42968,-2.95703 z m -135.6543,2.65625 c -0.0802,0.44804 -0.17051,0.87273 -0.25,1.32227 0.3333,-0.3531 0.69289,-0.69012 1.0293,-1.04102 -0.2598,-0.0936 -0.51953,-0.18751 -0.7793,-0.28125 z m 19.54492,2.54297 c -0.10131,-0.0347 -0.21865,-0.0104 -0.34961,0.0566 -0.78573,0.40211 -2.05076,2.35384 -3.13086,2.44531 -0.47625,0.0403 -0.78802,-0.0682 -1.21484,-0.0703 -2.52975,2.48845 -5.03012,4.98377 -7.4043,7.59766 4.11214,-1.10281 8.24015,-2.14406 12.35352,-3.24219 0.43388,-2.23174 0.78946,-4.4507 -0.002,-6.49024 -0.0653,-0.16842 -0.15064,-0.26216 -0.25196,-0.29687 z m 83.92383,1.53125 c -0.3913,0.0819 -0.78253,0.16417 -1.17383,0.24609 -18.36297,3.84476 -36.88039,7.01879 -55.08594,11.55078 -1.96583,0.48938 -3.92262,1.01535 -5.88671,1.51172 -0.15322,0.68674 -0.26166,1.35683 -0.41993,2.04492 3.60869,5.50883 4.82234,10.44464 13.26172,31.4043 2.09353,0.28802 4.18633,0.5811 6.2793,0.87305 12.781,-14.02359 26.45258,-26.89684 43.43359,-34.46875 2.22033,-0.99005 4.69991,-1.89256 7.11524,-2.81641 -2.50123,-3.45362 -5.01532,-6.89738 -7.52344,-10.3457 z m 19.0957,3.8418 c 0.4017,0.55571 1.01448,1.38744 1.51368,2.07031 0.56208,-0.16716 1.07968,-0.35352 1.64843,-0.51758 -1.04795,-0.51547 -2.11744,-0.98391 -3.16211,-1.55273 z m 59.3711,4.14453 c -4.11938,0.34518 -8.19836,0.73554 -12.20117,1.21484 7.81753,2.95761 14.33702,5.39954 26.52734,10.11524 0.49052,0.19196 1.07975,0.42111 1.58594,0.61914 -5.3056,-4.06557 -10.61029,-8.00776 -15.91211,-11.94922 z m -38.19727,5.49414 c -0.0912,0.0196 -0.17458,0.0428 -0.26562,0.0625 4.58967,11.6072 8.50623,23.3888 11.38867,34.88867 4.81122,6.9009 8.05852,11.55443 12.07031,17.30664 2.20186,0.5871 4.41357,0.99399 6.61328,1.62891 2.14459,0.619 4.15656,1.56019 6.12696,2.60351 -3.57401,-9.72983 -7.1925,-19.4389 -12.13477,-28.51953 -5.30222,-9.74196 -13.95057,-17.29674 -20.16211,-26.47656 -1.34509,-0.52256 -2.41549,-0.99719 -3.63672,-1.49414 z m -117.97265,3.82226 c -10.06299,2.6319 -20.11309,5.31119 -30.14649,8.05664 -0.53345,4.31184 -1.01169,8.68245 -1.47266,13.06446 8.36464,1.16103 16.72855,2.32715 25.09376,3.48437 0.30644,-0.8751 0.70593,-1.86783 0.96874,-2.6875 2.22664,-6.94335 4.41176,-13.92313 6.31055,-20.9707 -0.1904,-0.24376 -0.56016,-0.70072 -0.7539,-0.94727 z m 92.78906,3.44141 c -1.91063,0.72312 -3.90215,1.41935 -5.65821,2.19336 -13.87796,6.11695 -25.47504,15.89886 -36.20898,26.91992 11.88297,1.57938 23.76705,3.10544 35.54883,4.85938 1.53132,-3.05721 3.04405,-6.61785 4.73047,-11.29493 1.66788,-4.62568 -1.43197,-8.5197 3.60547,-12.27734 1.62544,-1.21249 2.75947,-1.74864 3.89453,-2.27148 -1.96431,-2.71454 -3.94694,-5.41503 -5.91211,-8.12891 z m 53.9082,3.77344 c 2.04869,2.8783 3.99954,5.81905 5.6875,8.92187 7.42781,13.65382 12.2855,28.53976 18.06836,42.98242 9.19924,-4.07026 12.27685,-5.70754 21.00391,-14.03515 -0.81027,-7.06444 -1.50734,-13.46603 -2.44922,-21.55664 -7.71775,-3.01116 -15.97706,-6.24068 -23.35742,-9.12891 -8.54497,-3.30551 -12.51953,-4.76632 -18.95313,-7.18359 z m -136.91601,10.58398 c -0.91412,2.90722 -1.87683,5.79885 -2.88477,8.66992 2.16891,0.29944 4.33691,0.60517 6.50586,0.9043 -1.49345,-3.9108 -2.69697,-7.09186 -3.62109,-9.57422 z m 193.2539,11.20899 c 0.18374,1.58077 0.32293,2.89949 0.50196,4.44336 1.53764,-1.22812 3.05719,-2.11072 4.46484,-2.45704 -0.0308,-0.0253 -0.0636,-0.0509 -0.0937,-0.0762 -1.61711,-0.63134 -3.2607,-1.28089 -4.87305,-1.91015 z m -235.93164,5.36328 c -0.91309,10.22997 -1.63399,20.48418 -2.25,30.65625 2.56507,1.32597 5.14975,2.62754 7.8711,3.74609 0.64278,-0.96874 1.35448,-1.87136 2.12304,-2.71875 4.61536,-9.28587 9.5441,-19.31222 13.60547,-28.71875 -7.11704,-0.98488 -14.233,-1.97715 -21.34961,-2.96484 z m 134.88281,0.57422 c -0.64934,1.64472 -1.29552,3.21686 -1.91601,4.62304 1.47382,0.2469 2.94938,0.48439 4.42187,0.74219 -0.39567,-0.8877 -0.70766,-1.55689 -1.14257,-2.54297 -0.47188,-1.06976 -0.91043,-1.90093 -1.36329,-2.82226 z m 113.34571,2.12695 c -0.23768,2.08795 -1.39126,4.49085 -3.78711,6.88672 -2.67747,2.67747 -4.13534,4.07207 -6.14063,6.05273 0.33346,2.93196 0.68072,6.02046 1.00586,8.92969 8.02287,-1.81916 14.8922,-3.3766 27.31641,-6.19727 -5.92189,-5.18751 -12.10832,-10.42521 -18.39453,-15.67187 z M 149.54688,258.875 c -1.37308,3.36272 -2.78142,6.68498 -4.25586,9.90039 -2.26744,4.94473 -4.70767,9.80766 -7.09571,14.69531 1.64481,1.47007 3.10062,3.4571 4.25391,6.00586 0.50642,1.11919 0.88651,2.20323 1.19531,3.26953 3.71424,-3.94645 6.7026,-7.09068 10.95508,-11.64062 4.63793,-4.96236 9.16922,-10.17574 13.70703,-15.41797 -0.0975,-0.23768 -0.1977,-0.47512 -0.29492,-0.71289 -0.60053,-1.46873 -0.95072,-2.3959 -1.49414,-3.74219 -5.65793,-0.7786 -11.31316,-1.57635 -16.9707,-2.35742 z m 37.85937,5.24805 c -1.21862,1.37914 -2.42748,2.76613 -3.63672,4.15429 4.18423,9.96359 8.33346,19.95092 11.41602,30.29493 0.40449,1.35735 1.71682,6.15352 3.06445,12.17187 3.36905,-11.63955 16.00008,-25.75546 18.29492,-29.14258 3.92151,-5.21776 6.917,-8.92172 9.4668,-12.22851 -13.5628,-1.92447 -26.67767,-3.63084 -38.60547,-5.25 z m 53.4375,7.41797 c -3.38577,4.96763 -7.41315,9.71857 -13.34375,17.60156 -4.94098,7.05025 -9.58441,14.31966 -14.82422,21.15039 18.61147,-4.08033 37.23808,-8.21733 56.57617,-12.58008 0.0567,-3.24725 0.006,-6.5156 -0.14648,-9.81055 -4.39199,-5.46425 -7.47519,-9.38463 -9.80469,-13.20507 -6.04391,-1.12561 -12.2091,-2.17736 -18.45703,-3.15625 z m -66.8418,7.92578 c -3.04922,3.47123 -6.11183,6.90275 -9.23047,10.20898 -4.68425,4.96603 -8.21776,8.65467 -12.0625,12.68945 11.7549,5.46744 23.40708,10.89314 30.97461,14.19922 0.72923,-0.15679 1.45178,-0.31395 2.17969,-0.4707 -1.44757,-6.58651 -3.05384,-12.62313 -3.08984,-12.74414 -2.41921,-8.1314 -5.53552,-16.02835 -8.77149,-23.88281 z m 166.79102,1.35742 c -0.3508,0.27217 -0.83339,0.76135 -1.17774,1.01367 0.3695,-0.0838 0.89505,-0.20202 1.26172,-0.28516 -0.0258,-0.23267 -0.0581,-0.49595 -0.084,-0.72851 z m -58.9375,0.79297 c 0.0338,0.39823 0.0401,0.77631 0.0703,1.17187 1.52375,1.87705 3.85453,4.84037 5.92969,7.44727 -2.02743,-2.91192 -4.36544,-6.26902 -6,-8.61914 z m 111.44141,1.53125 c -3.5702,0.87872 -4.44471,1.09295 -8.36524,2.04883 -13.21966,3.00073 -20.44181,4.6452 -29.50976,6.70507 1.55477,14.39078 3.19338,30.82018 4.98046,49.72266 3.12466,-0.62387 6.67142,-1.39892 9.39258,-1.88086 5.5068,-0.97529 11.18508,-0.1069 16.77735,-0.16016 6.13156,-0.24494 12.28991,-0.11023 18.39453,-0.73437 16.46219,-1.68312 -8.8e-4,-2.39308 8.01367,-2.84961 0.47868,-1.65462 0.97225,-3.31409 1.32226,-4.93945 1.93707,-8.99492 1.33615,-18.31187 0.25,-27.56446 -6.54632,-6.56646 -13.52896,-13.31742 -21.25585,-20.34765 z m -258.53516,9.02344 c -0.0714,-0.0232 -0.14671,-0.0129 -0.22461,0.0391 -0.37466,0.24972 -0.66422,0.59876 -0.99609,0.89844 -0.088,0.17671 -0.16975,0.35648 -0.25782,0.5332 0.58102,0.23369 1.13609,0.49603 1.71289,0.73437 0.53664,-0.35034 0.2554,-2.0459 -0.23437,-2.20507 z m 207.5918,2.69921 c -5.15636,1.17227 -11.75464,2.66814 -17.46875,3.96875 1.78079,5.35872 3.20026,10.76338 3.15625,16.34961 -0.0254,3.22111 -0.18838,6.30051 -0.29493,9.4375 4.3412,6.37532 9.08362,13.35211 14.11914,20.91602 1.78616,-0.39953 3.70522,-0.84997 5.43555,-1.22852 -1.87102,-19.64066 -3.46086,-35.57885 -4.94726,-49.44336 z m -215.00586,10.71289 c -0.54038,1.0857 -1.07973,2.17176 -1.61914,3.25782 0.7357,0.19846 1.47119,0.39777 2.20703,0.5957 0.70504,-0.74622 1.58405,-1.68184 2.41992,-2.57031 -1.00728,-0.4227 -1.98781,-0.87519 -3.00781,-1.28321 z m 158.35937,3.35157 c -1.59025,0.83878 -3.12355,1.6427 -4.66211,2.44922 -1.10353,9.43515 -2.85552,18.78199 -4.85351,28.09179 0.78592,-0.009 0.58972,0.0253 1.5664,0.0176 3.86849,-0.0307 8.07139,-1.79286 11.60352,-0.21484 4.48617,2.00423 9.21669,5.47548 10.67383,10.16797 0.77389,2.49219 -1.48071,4.38595 -4.92383,5.97461 0.68516,0.23143 1.36382,0.48103 2.04883,0.71289 5.24562,-1.27764 10.48989,-2.55152 15.82031,-3.83789 0.33992,-3.28906 0.61321,-6.58316 0.86914,-9.87891 -7.87764,-8.2913 -14.78449,-16.18122 -28.14258,-33.48242 z m -140.43359,4.71484 c 0.0321,0.16805 0.0393,0.32706 0.0742,0.49609 0.80525,0.21733 1.60907,0.43989 2.41406,0.65821 -0.85291,-0.39709 -1.60638,-0.74303 -2.48828,-1.1543 z m 96.15039,4.05859 c -8.4386,1.88259 -16.65591,3.63899 -24.94141,5.43555 2.97336,1.21611 6.36591,2.07636 9.62891,3.09961 4.85122,-2.70657 9.15009,-5.11144 15.3125,-8.53516 z m 26.21094,0.80664 c -5.95406,3.21226 -12.13412,6.56623 -19.57032,10.71876 -2.2763,1.27109 -3.80091,2.12561 -5.72461,3.20117 3.56491,1.38158 5.98085,2.2008 13.74024,4.64062 4.87652,0.98055 6.01646,1.23769 7.78711,1.60352 1.52657,-6.76011 2.8848,-13.4849 3.76758,-20.16407 z m 161.23828,0.0938 c -0.14194,4.04319 -0.48944,8.06569 -1.27735,12.01757 -0.3529,1.77006 -0.86389,3.56165 -1.32617,5.34766 2.87886,0.26951 5.76883,0.75371 8.58985,1.60547 2.27643,-1.1579 4.5691,-2.28213 6.83398,-3.46094 -3.49934,-4.79619 -7.96179,-10.06117 -12.82031,-15.50976 z m -295.09571,22.17968 c -0.5876,0.12259 -1.19297,0.24875 -1.76953,0.36914 2.37922,6.20905 4.79731,12.40373 7.04883,18.66016 3.9872,0.37297 7.97653,0.72144 11.96484,1.08203 -5.6371,-6.50339 -11.36941,-13.22478 -17.24414,-20.11133 z m -15.03125,3.13672 c -2.15984,0.45139 -4.10753,0.86025 -6.59765,1.375 -0.73155,0.79805 -1.46658,1.60315 -2.16016,2.36914 -0.0269,3.2159 -0.0165,5.95679 -0.043,9.24219 4.71977,0.51081 9.44365,0.95826 14.16602,1.43164 -1.71834,-4.56609 -3.09004,-8.46487 -5.36524,-14.41797 z m 38.18164,4.32813 c 3.05034,3.68743 6.10179,7.37262 9.17383,11.04101 3.71196,-1.96252 7.33517,-3.85262 11.4043,-6.0957 -3.02155,-0.60087 -6.03578,-1.24135 -9.0332,-1.96484 -3.08552,-0.74484 -7.16668,-1.76383 -11.54493,-2.98047 z m 248.08204,3.63281 c -5.91747,0.44771 -11.8553,0.64171 -17.78125,0.98242 -5.76734,0.0584 -11.62468,-0.83661 -17.30274,0.17578 -2.1959,0.39153 -5.62204,1.16923 -8.34375,1.72461 0.22511,2.65483 0.40763,5.16868 0.60156,7.71875 6.78401,-0.5719 13.56744,-1.13712 20.35157,-1.69726 3.65537,-1.31738 7.27195,-2.64832 9.38086,-3.47266 4.40102,-1.72031 8.75764,-3.5508 13.09375,-5.43164 z m 31.27539,0.0156 c -4.09197,2.04381 -8.24155,3.96424 -12.37696,5.91602 0.8562,-0.0494 1.71214,-0.13244 2.56836,-0.17969 5.15234,-0.27486 10.3048,-0.54743 15.45703,-0.82422 -2.57432,-2.38458 -4.15705,-3.98664 -5.64843,-4.91211 z m -237.1211,4.67188 c -3.25814,1.81481 -6.1112,3.36749 -9.04492,4.97266 -0.67254,0.86541 -1.32634,1.74146 -1.98047,2.61718 13.03553,0.91635 26.08937,1.49364 39.14063,2.12305 -3.48049,-1.60738 -5.321,-2.53896 -11.22852,-5.14844 -2.94418,-1.30051 -5.19878,-2.2672 -7.6875,-3.34765 -3.07738,-0.34463 -6.13095,-0.82091 -9.19922,-1.2168 z m 132.93946,4.7539 c -2.33507,0.53702 -4.6302,1.05828 -7.13282,1.65626 -0.0901,0.78383 -0.19203,1.55882 -0.28906,2.33789 3.44201,-0.23868 6.88419,-0.47945 10.32617,-0.72852 0.14157,-0.10465 0.28661,-0.24353 0.42774,-0.3457 -1.1066,-0.97854 -2.21822,-1.95056 -3.33203,-2.91993 z m -82.4668,0.58204 c 1.49028,0.73589 2.49261,1.28041 3.48633,1.82031 1.09542,-0.48894 2.19441,-0.96823 3.27734,-1.49024 -2.25731,-0.09 -4.51523,-0.17452 -6.76367,-0.33007 z m 200.70117,7.77343 c -7.71792,0.4152 -15.43622,0.82456 -23.1543,1.23633 -5.8562,0.32319 -11.71113,0.72078 -17.5664,1.13086 -5.6991,8.18514 -12.40725,15.54647 -19.9375,21.29102 -0.0709,0.0541 -0.15509,0.0856 -0.22657,0.13867 0.79589,0.37105 1.58007,0.68718 2.37696,1.0625 2.01379,0.94845 3.95407,2.02713 5.9043,3.08789 5.47308,1.07289 10.92356,2.25588 16.32226,3.68945 5.42994,1.44188 10.82089,3.0181 16.21094,4.59571 9.50917,-14.29937 16.59156,-26.79062 20.07031,-36.23243 z m -328.61719,1.70703 c 2.8685,2.12365 5.89627,4.1936 9.05274,6.33594 0.15195,-0.0751 0.31348,-0.14944 0.46484,-0.22461 -0.58218,-1.62562 -1.42112,-3.78777 -1.99414,-5.36328 -2.50823,-0.24294 -5.01522,-0.50459 -7.52344,-0.74805 z m 270.14063,1.99415 c -2.23949,0.17847 -4.47933,0.33992 -6.71875,0.52343 -1.3455,0.46806 -2.89666,0.95983 -4.33399,1.44141 0.99542,2.08368 1.48627,4.41487 1.83594,6.81445 3.23951,-2.56669 6.30012,-5.56956 9.2168,-8.77929 z m -82.55664,6.29296 c -10.61949,0.59047 -21.243,0.82286 -31.86719,0.99219 1.70129,0.98433 2.78861,1.67727 4.96289,2.88477 2.5923,1.43965 5.24313,2.7676 7.88086,4.12109 4.81861,0.33044 7.11429,0.54774 12.40234,0.89258 1.73408,0.11308 3.48199,0.20376 5.21875,0.31055 0.45918,-3.06799 0.94208,-6.1332 1.40235,-9.20118 z m -155.56055,1.24805 c -1.98889,1.00946 -4.02388,2.07209 -6.01172,3.08203 2.39334,-0.27888 4.41484,-0.60933 7.17188,-0.71093 -0.51011,-0.81141 -0.83323,-1.59164 -1.16016,-2.3711 z m 97.99414,0.6543 c -0.70169,0.19502 -7.10928,2.00797 -9.38281,2.64648 2.19394,0.16734 5.91965,0.41744 8.26758,0.59571 0.34881,-1.03832 0.77227,-2.21119 1.11523,-3.24219 z M 336.90625,385.5 c -1.19673,0.0873 -2.31723,0.0941 -3.45703,0.12109 -0.97644,1.50897 -1.9551,3.0119 -2.57617,4.62696 6.79775,0.40696 13.58553,0.93413 20.37109,1.46679 -0.002,-0.0244 -0.004,-0.0479 -0.006,-0.0723 -2.43596,-0.95364 -4.33433,-1.8632 -5.96094,-2.79102 -2.78741,-1.1318 -5.57061,-2.28495 -8.37109,-3.35156 z m 39.00781,0.041 c -0.18772,0.0122 -0.36479,0.0752 -0.55078,0.10742 0.20773,0.16338 0.42335,0.31744 0.63867,0.4707 0.40077,-0.145 0.81567,-0.26306 1.20508,-0.42969 -0.41366,-0.12467 -0.85056,-0.17708 -1.29297,-0.14843 z m -154.42578,10.17187 c 1.94838,9.88061 -2.05901,10.50523 -7.11523,13.10156 -0.35304,0.18129 -0.70576,0.35954 -1.04493,0.57032 8.36448,3.62521 16.70419,7.30634 25.04297,10.99023 0.38745,-1.11258 0.79465,-2.23191 1.17969,-3.3418 2.37611,-6.84912 4.46683,-13.01362 6.68555,-19.44726 -8.44425,-0.68547 -18.31835,-1.38072 -24.74805,-1.87305 z m -14.3789,1.94727 c -0.095,0.0494 -0.13367,0.0697 -0.28516,0.14843 0.006,0.006 0.0131,0.0116 0.0195,0.0176 0.0822,-0.0428 0.20318,-0.0998 0.28906,-0.14453 -0.005,-0.005 -0.0183,-0.0166 -0.0234,-0.0215 z m 52.45312,0.94336 c -2.35512,7.24843 -4.69157,14.51543 -7.11719,21.6914 -0.61034,1.80565 -1.25977,3.61958 -1.88086,5.42969 1.73113,0.77409 3.47953,1.50933 5.20899,2.28711 14.12568,6.35267 27.67541,12.65643 41.35937,18.98633 2.40378,-12.5126 4.84747,-25.04186 7.18555,-37.60352 -5.93055,-2.87375 -11.85209,-5.76513 -17.73438,-8.73047 -10.51547,-0.76804 -18.6519,-1.39431 -27.02148,-2.06054 z m -57.61719,4.08398 c -0.71345,-0.0619 -1.39132,0.32958 -2.07812,0.77539 0.69907,0.30903 1.39439,0.63148 2.0957,0.93359 1.15901,0.49928 2.30808,1.0215 3.4668,1.52149 -1.3454,-2.17736 -2.47157,-3.14264 -3.48438,-3.23047 z m 127.19531,0.9668 c -0.0704,0.77694 -0.16922,1.55103 -0.23828,2.32812 10.88746,4.72942 17.66631,7.63048 24.75391,10.125 -0.45737,-3.58854 -0.84221,-7.23007 -1.20508,-10.90039 -7.7643,-0.63125 -15.52953,-1.08446 -23.31055,-1.55273 z m 36.60547,2.86523 c 0.50234,4.77132 1.12856,9.50811 1.82032,14.25 2.52114,0.81295 6.9055,2.22263 10.13281,3.25781 -4.26036,-6.49037 -7.47285,-11.37476 -11.45899,-17.44922 -0.1651,-0.0176 -0.329,-0.0412 -0.49414,-0.0586 z m 17.77344,2.13867 c 2.31331,3.5203 4.32893,6.58674 7.80078,11.88086 2.21386,3.37586 4.47562,6.72424 6.7168,10.08399 4.14829,1.37469 8.37366,2.7787 11.80469,3.92383 2.31813,-3.04771 4.29036,-5.86607 6.45898,-8.81641 -7.45399,-5.45741 -14.96299,-10.81255 -22.90625,-15.39844 -3.28217,-0.6071 -6.57174,-1.17301 -9.875,-1.67383 z m -227.0332,0.93555 c 5.03575,14.66799 10.02419,29.35192 15.01367,44.03516 0.39122,1.15129 0.74089,2.31694 1.125,3.4707 15.97479,-2.22229 33.63296,-3.8695 45.55469,-3.77344 1.35651,0.0109 2.63544,0.0439 3.82422,0.0996 1.36706,0.064 2.31866,0.19594 3.63281,0.26758 0.53661,-1.25161 1.13465,-2.46933 1.65625,-3.72852 -23.57739,-13.35905 -47.17866,-26.67753 -70.625,-40.26367 -0.0589,-0.0342 -0.12265,-0.0732 -0.18164,-0.10742 z m -12.98438,3.2168 c -1.91435,0.60621 -5.81198,1.73501 -6.9414,2.13281 -8.49298,2.99132 -16.87615,6.28021 -25.28125,9.50976 0.32953,6.04966 0.83841,12.69444 1.30664,19.20704 6.74284,9.13117 13.56739,18.76568 20.28125,28.43359 0.56898,-0.65005 1.04564,-1.30315 1.82422,-1.93945 3.18291,-2.6013 5.59643,-6.67499 9.54882,-7.80469 3.85682,-1.10237 9.10239,-2.21674 15.04883,-3.26953 -0.1241,-0.36831 -0.23435,-0.74139 -0.35937,-1.10938 -8.27655,-24.36061 -11.09529,-32.49473 -15.42774,-45.16015 z m 47.70117,1.35351 c 13.64553,7.80053 27.31946,15.5513 40.98633,23.31446 0.56701,-1.51592 1.17935,-3.01586 1.73243,-4.53516 -12.41895,-5.49152 -24.83189,-10.99731 -37.30274,-16.36914 -1.81196,-0.78051 -3.61394,-1.59794 -5.41602,-2.41016 z m 136.63672,5.8086 c -0.84627,13.32228 -1.4061,26.6733 -2.32422,39.98828 0.43117,0.19482 0.87139,0.37968 1.30274,0.57422 1.61254,-4.52616 3.60193,-9.51578 7.12109,-17.96094 1.89915,-4.5575 4.83509,-6.66356 7.48438,-6.87891 4.41547,-0.35891 8.03892,4.53357 4.75781,12.08008 -4.01249,9.22868 -5.86239,13.71005 -7.31836,18.07031 0.55998,0.24716 1.12106,0.49368 1.68164,0.74024 7.95782,-7.48834 15.59135,-1.94354 12.23438,5.39453 4.12434,1.76098 8.37305,3.43296 12.5957,5.12305 1.40693,0.27323 2.81382,0.54691 4.2207,0.82031 -6.77392,-17.19409 -11.0256,-32.41803 -13.67382,-47.05469 -10.75945,-3.57498 -17.64611,-6.39489 -28.08204,-10.89648 z m -13.34961,6.77539 c -1.63956,8.53701 -3.30654,17.14854 -4.96875,25.9375 1.01688,0.46763 2.06321,0.94759 3.08008,1.41406 0.69431,-9.10947 1.28505,-18.23153 1.88867,-27.35156 z m 55.60157,8.77539 c 2.32738,11.30996 5.59307,22.90427 10.33203,35.28906 5.45927,-6.45602 10.66067,-12.79612 15.69922,-19.07227 -2.21509,-3.31024 -4.40803,-6.6335 -6.62305,-9.94335 -0.36187,-0.1175 -0.56315,-0.18822 -0.94141,-0.31055 -8.21322,-2.65613 -13.00691,-4.20148 -18.46679,-5.96289 z m -123.97657,2.77148 c -0.7142,1.95657 -1.46417,3.90109 -2.20507,5.84961 4.16145,2.36132 8.31435,4.73769 12.47656,7.09766 5.98702,3.39462 8.13048,4.66131 12.43359,7.12304 7.99735,1.36463 16.37869,3.00742 25.30469,4.80665 0.16969,-0.90006 0.33433,-1.79964 0.50195,-2.69922 -14.35119,-6.63533 -28.23828,-13.10522 -44.40429,-20.375 -1.36366,-0.61323 -2.74273,-1.19182 -4.10743,-1.80274 z m -31.92382,28.31055 c -8.49457,0.1766 -16.99279,1.09027 -25.46094,1.80859 -4.03198,0.34202 -8.09231,0.61141 -12.14649,0.89649 0.86002,2.69503 1.75804,5.37697 2.61719,8.07226 1.58995,-0.0879 3.17384,-0.20605 4.76758,-0.26562 1.48446,-0.45988 2.93171,-1.06875 4.42187,-1.43946 4.74852,-1.18125 9.80354,-0.23654 14.67969,0.17188 3.69289,0.30931 7.37029,0.77089 11.04883,1.21875 1.98591,-3.38554 3.81789,-6.87016 5.58008,-10.39648 -1.83575,-0.0402 -3.67137,-0.1046 -5.50781,-0.0664 z m 19.78711,0.97656 c -1.79613,3.80889 -3.68422,7.56503 -5.71875,11.23047 1.53983,0.19667 3.07792,0.40805 4.61914,0.5918 18.7807,2.60133 23.62854,3.73402 41.375,4.67187 2.00211,0.10583 4.57042,-1.55373 6.01367,-0.16211 4.14891,4.0006 6.68301,6.70721 8.6289,8.97461 0.3942,-2.34197 0.79492,-4.68281 1.18555,-7.02539 -6.94944,-4.00244 -16.87054,-9.6642 -25.86523,-14.81055 -9.1048,-1.50159 -19.0667,-2.61292 -30.23828,-3.4707 z m -119.35743,0.0547 c 0.56126,5.91353 1.04169,11.71929 1.72852,17.76172 2.10101,-0.37965 2.71573,-0.46557 4.99805,-0.88477 1.19541,-0.21956 2.39852,-0.40032 3.5957,-0.61133 -0.46006,-0.67208 -0.8033,-1.20462 -1.27148,-1.88672 -2.86825,-4.17796 -5.87231,-9.08701 -9.05079,-14.3789 z m 48.41797,3.01172 c -3.49527,0.49214 -6.96827,1.09905 -10.38281,2 -3.97465,1.04874 -6.36592,5.20143 -9.54883,7.80273 -0.45031,0.36803 -0.86864,0.51149 -1.31054,0.8086 7.90498,-1.11147 15.83632,-2.02501 23.78124,-2.77735 -0.8355,-2.61517 -1.70359,-5.21891 -2.53906,-7.83398 z m 141.70899,8.20703 c -0.005,0.0267 -0.009,0.0534 -0.0137,0.0801 1.20843,0.69546 3.97592,2.27707 5.0957,2.91992 0.0947,-0.65189 0.15754,-1.29959 0.25,-1.95117 -1.07591,-0.21045 -2.15266,-0.41619 -3.22852,-0.62696 -0.77566,-0.15196 -1.34498,-0.27197 -2.10351,-0.42187 z m 35.86914,6.98437 c -0.65986,0.86768 -1.39794,1.81173 -2.10938,2.72852 2.4551,-0.51884 5.04654,-1.09308 7.61524,-1.6582 -1.83546,-0.35581 -3.67043,-0.7144 -5.50586,-1.07032 z m -139.19922,5.45313 c 0.50484,0.68552 1.04775,1.33353 1.72265,1.85351 0.0254,0.0196 0.0724,-0.0195 0.10157,-0.01 0.4226,-0.53709 0.79535,-1.109 1.20898,-1.65234 -1.0321,-0.0813 -2.01176,-0.11842 -3.0332,-0.19141 z m 19.2832,0.041 c -1.86271,2.74724 -3.7891,5.45028 -5.8457,8.0625 -2.13059,2.70621 -4.36341,5.31792 -6.64063,7.88672 25.60411,-1.93439 50.66068,-4.77266 73.17969,-8.04492 -0.14408,-0.72403 -0.38381,-1.41402 -0.84375,-2.02734 -1.47221,-1.96324 -4.90897,0.25344 -7.35937,0.12304 -17.94068,-0.95588 -23.17194,-2.12958 -41.89453,-4.7246 -3.53197,-0.42527 -7.06389,-0.84972 -10.59571,-1.2754 z m -56.87109,0.37891 c -5.31802,0.49596 -10.73527,1.22688 -16.25781,2.01953 1.18472,1.78846 2.43121,3.61771 3.58398,5.38086 4.65402,-1.91191 8.00841,-3.23858 11.11719,-4.29101 0.51507,-1.03958 1.05684,-2.05564 1.55664,-3.10938 z m 138.5625,1.20117 c -0.17,1.02442 -0.34361,2.0482 -0.51563,3.07227 1.54241,-0.26755 3.04494,-0.53734 4.56446,-0.80664 -1.21142,-0.6922 -2.72828,-1.50763 -4.04883,-2.26563 z m -169.27735,3.10742 c -2.97881,0.50385 -5.74936,0.92082 -8.89257,1.47852 -2.09015,0.37086 -4.18205,0.77436 -6.27539,1.14062 0.47877,3.70535 1.02099,7.40079 1.55859,11.09571 3.47391,0.10385 6.71461,0.31115 10.31641,0.35351 1.0657,-1.72405 2.98174,-3.37439 5.93164,-4.5957 1.37385,-0.5688 1.69301,-0.70072 2.9082,-1.20508 -1.68805,-2.56524 -3.71797,-5.53805 -5.54688,-8.26758 z m 223.18165,2.25977 c -3.42379,0.74752 -6.71939,1.44712 -10.17383,2.20898 1.70147,0.74095 3.97819,1.69001 5.89843,2.48829 1.41803,-1.56808 2.86581,-3.12796 4.2754,-4.69727 z m -159.42774,2.05664 c -2.81145,0.59245 -5.6034,0.86589 -9.49219,0.35352 -0.22278,-0.0294 -0.43655,-0.14436 -0.65429,-0.22461 0.89432,2.69642 1.82382,5.38046 2.74804,8.0664 0.0152,-8.8e-4 0.0298,-8e-4 0.0449,-0.002 2.59227,-2.59693 4.91353,-5.45159 7.35352,-8.19336 z m -23.26758,2.79688 c -0.29588,0.15996 -0.59932,0.30118 -0.89453,0.46289 -0.10082,0.17608 -0.17063,0.38021 -0.27539,0.55273 -1.92263,3.16622 -2.0092,3.32045 -3.18945,5.26172 2.1055,-0.0805 4.23617,-0.19497 6.34179,-0.27539 -0.67446,-1.99573 -1.3227,-4.00103 -1.98242,-6.00195 z m 156.28321,4.73437 c -0.16598,0.87459 -0.27199,1.46265 -0.50782,2.66602 -1.36307,6.95544 -2.58696,13.93732 -3.83789,20.91406 5.77065,-5.969 11.43012,-12.01548 17.0293,-18.08984 -3.85156,-1.64266 -9.33498,-3.86828 -12.68359,-5.49024 z m -22.62891,0.63477 c -2.52513,0.45489 -5.08021,0.90324 -7.69922,1.34375 -0.538,3.27593 -1.11459,6.54533 -1.64648,9.82226 0.19609,0.35518 0.39615,0.70773 0.60937,1.05274 3.75304,-5.04836 6.19564,-8.50089 8.73242,-12.0625 -5.4e-4,-0.0519 0.004,-0.10438 0.004,-0.15625 z m -25.35547,4.11718 c -27.06758,3.92094 -57.26492,7.09046 -87.51562,8.85352 -0.0783,0.0739 -0.16187,0.14294 -0.24024,0.2168 3.66206,9.8226 7.56265,19.55435 11.55469,29.25 21.72522,-0.22065 44.54997,0.67865 67.43945,2.57421 0.93808,-1.19151 1.88257,-2.37894 2.82227,-3.56835 0.40385,-0.51118 0.80455,-1.02486 1.20703,-1.53711 -8.57404,-3.66826 -17.11449,-7.41282 -25.45117,-11.58399 -1.71856,-0.85988 -5.84725,-3.35234 -4.07032,-4.08398 4.38467,-1.80534 9.09142,-2.5082 13.84375,-3.05469 -0.9009,-1.45077 -1.82559,-2.88691 -2.7832,-4.30078 -0.55529,-0.25254 -1.01195,-0.45186 -1.57226,-0.70703 -0.38881,-0.17726 1.01815,-0.12412 1.25976,0.22851 0.10775,0.15713 0.20567,0.32079 0.3125,0.47852 2.88947,1.31408 5.41593,2.4251 8.18359,3.67383 1.86824,-0.21712 3.73301,-0.44569 5.56836,-0.77539 l 10.02735,3.73828 c 0.57211,-3.56092 1.1379,-7.12282 1.71094,-10.6836 -1.27005,-2.72931 -1.83665,-5.71135 -2.29688,-8.71875 z m -107.45703,9.79688 c -2.87054,0.10961 -5.64461,0.11448 -8.49414,0.19726 0.93942,1.55278 1.78451,3.0035 2.66797,4.4961 1.91998,-1.58546 3.93985,-3.07591 5.82617,-4.69336 z m -52.89844,0.36523 c 2.04174,12.3167 4.37388,24.44999 7.07813,36.05078 0.40328,-0.1044 0.8131,-0.17687 1.21679,-0.27929 9.32018,-7.7472 18.71812,-15.42074 28.25196,-22.96485 -0.73833,-1.26307 -1.42025,-2.47748 -2.18164,-3.76172 -6.63919,9.06502 -16.66584,2.58777 -10.46289,-8.23632 0.16354,-0.2854 0.19275,-0.31787 0.33203,-0.5586 -8.26758,0.0444 -16.39897,-0.018 -24.23438,-0.25 z m 188.66992,4.46875 c -0.82402,1.13164 -1.53352,2.13561 -2.50195,3.42774 -0.22804,0.30426 -0.46676,0.60041 -0.69531,0.90429 1.42468,1.20693 2.88777,2.37171 4.32226,3.56836 0.1932,-1.09654 0.40404,-2.18979 0.60352,-3.28515 -0.53489,-1.50541 -1.27216,-3.17826 -1.72852,-4.61524 z m -126.61914,3.88672 c -2.82517,2.43071 -5.67254,4.8397 -8.55078,7.22071 1.6675,3.04871 3.42341,6.20026 4.67383,8.76367 0.73312,1.50293 1.44534,3.01489 2.16602,4.52343 3.15289,-0.16839 6.45959,-0.20395 9.67968,-0.3164 -2.72552,-6.70391 -5.39467,-13.42906 -7.96875,-20.19141 z m -19.07031,15.82031 c -2.80528,2.25644 -5.58537,4.53639 -8.39258,6.79102 3.76578,-0.41378 7.56048,-0.81051 11.46875,-1.13477 -0.9524,-1.83199 -2.04127,-3.7643 -3.07617,-5.65625 z m 127.78906,7.89454 c -0.0216,0.13605 -0.0429,0.27214 -0.0645,0.4082 0.49104,0.0529 0.97406,0.12582 1.46484,0.17969 -0.46668,-0.19621 -0.93372,-0.39166 -1.40039,-0.58789 z m -79.70312,9.11132 c -0.4884,-2.3e-4 -0.9444,0.0284 -1.43164,0.0293 3.31661,7.81869 6.6264,15.6417 10.03515,23.41797 0.45051,1.02771 0.97049,2.02301 1.4375,3.04297 0.21751,-0.0605 0.43918,-0.10371 0.65625,-0.16602 4.73945,-1.36044 8.79119,-4.46878 13.17774,-6.7207 4.95946,-2.54608 9.88884,-5.14948 14.85937,-7.67383 0.7662,-0.38914 1.56512,-0.70918 2.34766,-1.06445 3.06212,-2.98733 6.30612,-5.80196 9.19531,-8.95508 -17.05273,-1.22911 -33.98735,-1.90257 -50.27734,-1.91016 z m -15.75781,0.32227 c -2.98194,0.0784 -6.07999,0.0587 -9.00196,0.18359 4.49348,9.92915 8.7596,19.96118 12.91016,30.04492 2.82912,-0.39116 5.65131,-0.83015 8.4707,-1.27929 -0.12629,-0.29042 -0.18859,-0.46731 -0.31836,-0.76367 -4.09816,-9.35918 -8.10623,-18.76204 -12.06054,-28.18555 z m -22.96094,0.98047 c -5.67469,0.40792 -11.25097,0.87809 -16.59375,1.48437 -7.31654,0.83025 -14.50494,2.28407 -21.63672,4.01758 -1.11007,0.96113 -2.25585,1.88858 -3.35352,2.86133 1.24997,4.58582 2.52379,9.13027 3.91407,13.43359 2.58584,0.98653 5.43464,2.0466 9.30859,3.64649 9.46187,2.19768 18.7097,5.72782 28.38477,6.59375 4.44838,0.39815 8.90337,-0.10361 13.35156,-0.76758 -4.48178,-11.17479 -8.77872,-21.54508 -13.375,-31.26953 z m 102.42578,5.46289 c -0.89028,1.05069 -1.78286,2.09851 -2.70117,3.125 -3.31175,3.70186 -7.07199,6.97799 -10.60742,10.4668 -9.8173,6.04376 -3.89583,2.57356 -20.41797,11.0625 -2.95422,1.51781 -5.77273,3.37949 -8.73438,4.88085 1.79496,0.85617 2.92851,2.64209 2.57422,5.7129 -0.0113,0.0983 -0.0219,0.19664 -0.0332,0.29492 2.89414,-0.47769 4.09229,-0.68123 7.50586,-1.24219 1.25449,-0.20616 1.92268,-0.34467 3.13672,-0.54492 8.89662,-7.15494 18.08021,-14.92899 27.51757,-23.42383 0.63612,-3.76329 0.98924,-5.49314 1.75977,-10.33203 z m -134.125,32.78711 c 2.09076,5.08738 4.35878,9.71233 6.71289,14.0957 15.13829,-0.21677 24.24097,-0.98399 45.01367,-4.32226 -0.49336,-1.25756 -1.12136,-2.85582 -1.5918,-4.05664 -5.69961,0.93355 -11.42243,1.77925 -17.13867,1.30859 -11.04126,-0.90905 -21.68227,-4.56228 -32.52343,-6.84375 -0.19511,-0.0785 -0.28097,-0.10499 -0.47266,-0.18164 z m 72.0957,2.04101 c -2.82573,0.52154 -5.65167,1.04394 -8.49023,1.50196 0.53616,1.33616 1.06744,2.67447 1.60547,4.00976 2.35509,-0.38965 6.0318,-0.99746 8.42382,-1.39453 -0.45722,-1.25704 -0.95974,-2.60606 -1.53906,-4.11719 z m 6.625,16.72461 c -2.93937,0.48287 -5.97386,0.9802 -8.46289,1.39063 0.61607,1.54826 1.24887,3.08893 1.85742,4.64062 2.34956,-1.4758 4.85022,-3.22727 7.33008,-4.9414 -0.28206,-0.30963 -0.48398,-0.73523 -0.72461,-1.08985 z m -22.04297,3.62305 c -19.21456,3.10206 -30.19153,4.23533 -41.81445,4.68945 2.96124,3.8658 6.08989,7.2083 9.42188,9.86524 7.19436,5.7368 19.8908,3.14957 36.02343,-5.30469 -1.30889,-3.33955 -2.37959,-6.06381 -3.63086,-9.25 z" />
    <path
       id="path2571"
       style="fill:#00ffff;stroke-width:0.351896"
       d="m 77.400443,32.206829 c -0.38317,0.153083 -0.759325,0.326102 -1.128096,0.514697 0.04642,0.02408 0.09242,0.04872 0.139009,0.07235 0.329719,-0.195217 0.662255,-0.400372 0.989087,-0.587044 z m 7.371643,0.700217 c 0.139335,0.497713 -0.03363,0.949815 -0.376722,1.375625 0.314315,0.06467 0.616149,0.159726 0.881084,0.344167 0.577141,0.401786 1.254919,0.975505 1.823146,1.592149 0.446252,-0.358363 0.817758,-0.681173 1.295011,-1.055233 0.170341,-0.133508 0.201888,-0.171955 0.359667,-0.297137 -1.418879,-0.744355 -2.784436,-1.430195 -3.982186,-1.959571 z m 0.98702,3.076813 c -0.07475,-0.02045 -0.142475,-0.0222 -0.183451,0.0088 -0.151273,0.114352 -0.274693,0.217733 -0.397391,0.320394 0.314034,-0.01064 0.627716,-0.01505 0.942059,-0.03152 0.153887,-0.0081 -0.136953,-0.236331 -0.361217,-0.297657 z m 6.320028,0.707967 c -0.512381,0.422706 -1.024265,0.846056 -1.540991,1.262457 -6.590964,5.311264 -8.780785,7.508901 -14.177428,12.838491 5.084014,1.33791 11.387867,3.517058 17.142105,5.862177 3.05725,-4.366329 6.240582,-8.645964 9.44852,-12.908775 1.5e-4,-0.176919 -0.002,-0.366728 -0.004,-0.569473 -1.79857,-1.114378 -3.722696,-2.263775 -5.84925,-3.477824 -1.677538,-1.062162 -3.365227,-2.061956 -5.019331,-3.007053 z M 72.87669,38.93045 c -1.051052,0.726821 -2.088775,1.492745 -3.092837,2.310453 0.359087,0.728353 0.731483,1.450403 1.08934,2.179195 1.33654,-1.414748 2.664463,-2.83795 4.002858,-4.250904 -0.617472,-0.07803 -1.447023,-0.159949 -1.999361,-0.238744 z m 2.630328,0.313677 c 0.904386,1.146818 1.625897,1.812223 2.189015,2.063956 0.01336,-0.01402 0.02643,-0.02834 0.03979,-0.04238 -0.996172,-0.699545 -1.251455,-1.314725 -1.057299,-1.881539 -0.403063,-0.04626 -0.795996,-0.09423 -1.171506,-0.140041 z m 2.189015,2.063956 c -1.72452,1.812634 -3.430691,3.642918 -5.160926,5.449795 0.334627,0.671623 0.667586,1.344255 0.950847,1.909445 3.445266,-3.400486 6.116534,-6.014024 9.15758,-8.701794 -0.961583,-0.03823 -1.924894,-0.116983 -2.876827,-0.212908 -0.09401,-0.0095 -0.13262,-0.01746 -0.225309,-0.02687 -0.323792,1.272305 -0.855575,2.024804 -1.845365,1.582332 z m 28.729517,4.106725 c -0.2524,4.268761 -0.32422,8.554648 -0.84905,12.797668 -0.007,0.05405 -0.0208,0.12922 -0.0279,0.184486 3.415,-3.189105 5.98503,-5.621949 8.26719,-7.735961 -2.31658,-1.757749 -4.71214,-3.481121 -7.39024,-5.246193 z m -3.78272,4.616257 c -1.96778,2.637866 -3.91037,5.292976 -5.806882,7.979875 1.776116,0.778277 3.379122,1.544161 4.822962,2.28513 0.58652,-3.376555 0.76221,-5.89861 0.98392,-10.265005 z m 13.98674,2.812229 c -2.81785,2.608797 -6.51574,6.092307 -10.79469,10.10326 1.55942,1.221677 3.03884,2.565726 4.57078,3.816821 0.88068,0.719222 1.25489,0.97373 1.9358,1.505852 0.36846,-0.424227 0.74163,-0.844121 1.13068,-1.249537 0.54847,-0.571542 1.1257,-1.112983 1.71308,-1.644343 -1.01241,-0.452929 -2.66658,-0.715258 -2.29547,-1.579231 1.31017,-3.050199 3.95789,-5.906016 6.93705,-8.356598 -1.06176,-0.873262 -2.14709,-1.763067 -3.19723,-2.596224 z m -33.382971,3.72794 c 1.093079,0.611026 2.180257,1.23481 3.287654,1.815393 3.085291,1.617538 1.444205,4.739175 -1.637627,3.115054 -2.01249,-1.060577 -3.985282,-2.205366 -5.973795,-3.316592 -0.323958,0.29001 -0.732689,0.584478 -1.022159,0.872815 1.169236,0.906593 3.430489,2.684008 5.460132,4.272606 0.789548,-2.463033 3.590369,-1.924442 3.304191,1.20406 -0.04851,0.530331 -0.08088,0.870323 -0.118856,1.288812 0.208388,0.164576 0.408212,0.317331 0.607197,0.474906 0.766384,-1.267441 1.508604,-2.464631 2.209684,-3.543453 0.690758,-1.062935 1.407811,-2.107843 2.118735,-3.156913 -2.6764,-1.060681 -5.49789,-2.090912 -8.235156,-3.026688 z m -13.572815,0.818555 c -1.191294,1.192881 -2.485319,2.478053 -3.66541,3.658174 -0.206677,2.19117 -0.386427,4.374372 -0.532784,6.555155 1.554009,-1.695638 3.113069,-3.382894 4.64571,-5.107699 0.508,-0.978308 1.161444,-2.083126 1.885156,-3.12229 -0.147153,-0.200917 -0.270578,-0.422664 -0.401007,-0.638204 -0.65808,-0.468913 -1.321933,-0.940046 -1.931665,-1.345136 z m 52.944576,0.364318 c -0.13074,0.08231 -0.25783,0.170571 -0.39275,0.24598 -2.23689,1.250299 -4.82539,1.817169 -7.01145,3.154328 -0.27842,0.170302 0.25156,0.602096 0.37723,0.903306 1.14206,0.0099 2.28446,0.04032 3.42719,0.07545 0.86483,-0.707903 1.72477,-1.420326 2.55694,-2.161625 0.36612,-0.727374 0.73441,-1.453411 1.08056,-2.185913 -0.0128,-0.01074 -0.0249,-0.02077 -0.0377,-0.03152 z m -1.04284,2.217435 c -0.37151,0.738101 -0.7439,1.474441 -1.13688,2.205035 2.50028,0.0799 4.99954,0.122428 7.49515,0.02635 -1.59753,-1.34239 -3.19754,-2.677724 -4.64158,-3.889685 -0.55862,0.566732 -1.122,1.128554 -1.71669,1.658297 z m -26.763219,0.941544 c -0.807736,1.182269 -1.604396,2.372238 -2.385385,3.572909 -0.783828,1.20504 -1.627516,2.568406 -2.494939,3.997691 0.84446,0.667562 1.688235,1.326163 2.628265,2.067057 2.03064,-1.908641 4.497824,-4.213032 7.617108,-7.128248 -1.503616,-0.788115 -3.319518,-1.637768 -5.365049,-2.509409 z m -19.323886,0.831993 c -0.01688,0.01908 -0.03378,0.03831 -0.05064,0.05736 -0.130019,0.55618 -0.259155,1.112234 -0.328661,1.666049 -0.081,-0.421965 -0.137541,-0.721566 -0.203088,-1.066085 -0.614125,0.693835 -1.21752,1.375992 -1.869136,2.109949 -0.346536,0.69043 -0.68657,1.38462 -1.024229,2.077391 -1.169133,2.398721 -2.18536,5.270786 -3.104718,8.239808 0.214751,0.09681 0.446786,0.195445 0.665075,0.292489 0.866931,-0.07254 1.734148,-0.143386 2.595189,-0.247012 1.453735,0.302074 3.058083,0.258008 4.530474,0.517279 4.89881,-6.202479 5.751015,-5.78924 6.122622,-8.013981 -2.651905,-2.089668 -5.311709,-4.186557 -7.092071,-5.558316 -0.07982,-0.02564 -0.161558,-0.04842 -0.240814,-0.07493 z m 42.989625,3.8902 c -1.00292,1.678493 -2.08217,3.311099 -3.20084,4.914945 3.18553,2.324262 2.69067,1.654098 4.66638,5.40639 v 5.29e-4 c 0.434,0.824241 0.52226,1.539796 0.39791,2.094963 1.07343,-0.426201 2.15425,-0.826992 3.22874,-1.249537 1.28211,-2.262156 2.14288,-3.782605 4.18838,-7.379393 0.91589,-1.610508 1.47116,-2.619298 2.12028,-3.783232 -0.12492,0.008 -0.27985,0.02846 -0.40411,0.03617 -3.659,0.227031 -7.3288,0.05818 -10.99674,-0.04082 z m -14.39085,0.426331 c -0.85282,3.842155 -1.89643,7.936619 -2.8944,11.266496 0.74097,0.571235 1.50337,1.123857 2.26601,1.676384 0.0346,-0.03262 0.0929,-0.08383 0.12661,-0.115755 2.49065,-2.359946 4.47755,-5.187696 6.57531,-7.916313 -0.68394,-0.512071 -1.09355,-0.780293 -2.01538,-1.511535 -1.37705,-1.092298 -2.69151,-2.285537 -4.05815,-3.399277 z m 29.2349,0.665591 c -0.84234,1.483342 -1.67269,2.973491 -2.51612,4.45606 -1.03494,1.819193 -1.2956,2.285553 -2.1177,3.735689 2.14314,-0.745911 4.3028,-1.434751 6.51536,-1.941999 1.99116,-0.456499 4.03329,0.33964 6.0694,0.751374 -2.62803,-2.370526 -5.29833,-4.694087 -7.95094,-7.001124 z m -33.363849,1.71876 c -1.701155,1.599457 -3.061039,2.868681 -4.600237,4.305163 1.213911,0.952791 1.668984,1.320355 3.034956,2.386935 0.584502,-2.212525 1.05867,-4.459967 1.565281,-6.692098 z m -11.843205,3.088182 c -1.353542,2.310273 -2.763293,4.783926 -4.218866,7.416086 0.0047,0.0011 0.0093,0.0024 0.01394,0.0036 2.006336,-2.000856 4.014581,-3.999579 6.054926,-5.965526 -0.591079,-0.465979 -1.296479,-1.016942 -1.850014,-1.454177 z m -4.26279,0.465606 c -0.939747,1.062996 -2.05078,2.347042 -4.05815,4.988325 0.25136,0.341251 0.455031,0.734152 0.593762,1.15652 1.19034,-2.165297 2.32455,-4.145013 3.464388,-6.144845 z m -17.805114,0.21549 c -0.142658,0.152056 -0.287004,0.309557 -0.428916,0.45992 0.07242,0.07227 0.144706,0.14468 0.217043,0.217043 0.07157,-0.224565 0.139256,-0.454594 0.211873,-0.676963 z m 47.245178,1.059884 c -2.12646,2.780019 -4.42541,5.407377 -6.92464,7.788156 0.90248,0.622093 1.81038,1.24148 2.71766,1.860351 1.75836,-0.852799 3.04574,-1.487424 5.39812,-2.604492 1.18924,-0.421431 2.35838,-0.91187 3.53725,-1.368909 -0.42455,-0.258876 -0.84246,-0.691711 -1.19114,-1.353923 -1.63785,-3.110611 -1.5807,-3.003434 -3.53725,-4.321183 z m -20.53363,1.908926 c -0.03437,0.03288 -0.15325,0.142592 -0.185002,0.173117 -1.601238,1.539396 -3.179853,3.101687 -4.753716,4.668967 2.347201,0.658098 4.692621,1.322957 7.035231,1.998327 0.799743,-0.87575 1.816732,-1.617419 2.236039,-2.71353 0.07169,-0.187407 0.123578,-0.381407 0.191719,-0.569992 -1.85734,-1.449332 -2.930628,-2.304976 -4.524271,-3.556889 z m 42.88575,1.150835 c -0.3023,0.01839 -0.6033,0.05983 -0.9033,0.130225 -2.9288,0.687194 -5.75099,1.725988 -8.54625,2.852539 -2.95264,5.219488 -4.85469,8.577657 -6.2823,10.876857 9.71399,0.442203 20.38146,0.643382 31.0844,0.680061 -0.20219,-0.332743 -0.29016,-0.482378 -0.51004,-0.842844 -3.21483,-6.48907 -4.71748,-9.434165 -6.14485,-12.33103 -0.75625,-0.09278 -1.51329,-0.188942 -2.26911,-0.266134 -1.83931,-0.187849 -3.69373,-0.956122 -5.51853,-1.090888 -0.30413,-0.02246 -0.60772,-0.02718 -0.91002,-0.0088 z m -68.122971,3.252515 c -0.222242,0.828058 -0.421248,1.625859 -0.629417,2.436545 1.047292,0.796774 2.134645,1.549678 3.250965,2.270662 0.238053,-0.333423 0.520043,-0.718585 0.775663,-1.076936 -0.561996,-0.544328 -1.154589,-1.200259 -2.491322,-2.710948 -0.303136,-0.305265 -0.603684,-0.613113 -0.905889,-0.919323 z m 5.369182,0.629935 c 0.0274,0.02932 0.07817,0.08843 0.104905,0.11679 0.01913,-0.02648 0.02955,-0.04067 0.04754,-0.06563 -0.05133,-0.01545 -0.101238,-0.03532 -0.152445,-0.05116 z m 27.146149,0.634072 c -0.07783,0.212251 -0.169349,0.523322 -0.243914,0.71365 -0.246576,0.629359 -0.694312,1.138528 -1.179258,1.626259 0.05115,0.01638 0.08291,0.02779 0.133326,0.04392 0.703543,-0.616945 1.441976,-1.260964 2.060856,-1.812809 -0.25797,-0.189518 -0.51551,-0.379372 -0.77101,-0.571023 z m 20.88813,0.612365 c -1.74007,0.737846 -3.47289,1.499068 -5.23586,2.161624 -1.43077,0.680945 -2.09223,1.010724 -3.2892,1.588535 1.50611,1.045458 3.00765,2.095825 4.46484,3.188435 1.12193,-1.810321 2.28526,-3.818787 4.06022,-6.938594 z m -35.987985,1.431438 c -0.476353,0.473969 -0.950921,0.949753 -1.428853,1.422135 -0.726194,0.795163 -1.666261,1.450327 -2.298052,2.307352 0.211907,0.156427 0.423055,0.313859 0.634587,0.470773 2.979002,0.07889 5.959449,0.131281 8.938988,0.199988 0.494344,-0.748548 0.973433,-1.394018 1.664499,-2.280999 -2.498662,-0.725176 -4.999898,-1.440797 -7.511169,-2.119249 z m -7.215063,0.166915 c -0.253185,0.1431 -0.502298,0.287454 -0.743625,0.440282 0.09652,0.06997 0.26312,0.19489 0.360701,0.265616 0.12927,-0.242613 0.253836,-0.464514 0.382924,-0.705898 z m 25.976708,0.434081 c -0.32984,0.295113 -0.78441,0.685628 -1.13378,0.995804 0.67762,0.236709 1.24352,0.470855 1.78439,0.716235 0.2799,-0.135443 0.79241,-0.38113 1.08675,-0.523997 -0.57907,-0.39593 -1.16238,-0.788844 -1.73736,-1.188042 z m 47.57229,0.26045 c 0.80329,1.594808 1.31439,2.588538 2.36885,4.711856 0.33521,0.547915 0.54031,0.888997 0.77773,1.28106 0.27257,-0.139925 0.79053,-0.405591 1.05626,-0.542087 -1.2983,-1.902256 -2.7137,-3.707817 -4.20284,-5.450829 z m -76.944658,2.137336 c -0.01849,0.02154 -0.04007,0.04033 -0.05839,0.06201 -0.03729,0.04414 -0.08702,0.125942 -0.135908,0.190685 0.294616,0.0896 0.590706,0.174376 0.886251,0.260967 -0.197133,-0.144746 -0.517348,-0.386234 -0.691949,-0.513665 z m 0.691949,0.513665 c 0.06487,0.04763 0.159909,0.119851 0.227375,0.169497 0.162695,0.05048 0.325263,0.101441 0.487825,0.152445 0.01857,-0.0354 0.03619,-0.0659 0.05478,-0.101285 -0.256466,-0.07417 -0.513784,-0.145598 -0.769977,-0.220657 z m 0.227375,0.169497 c -0.387564,-0.120253 -0.774793,-0.241906 -1.162204,-0.362768 -0.102965,0.143487 -0.191775,0.290524 -0.211873,0.39429 0.07796,0.04642 0.155734,0.09366 0.233577,0.140044 0.499684,0.03524 0.999715,0.06502 1.499651,0.09508 -0.113094,-0.08353 -0.252738,-0.188344 -0.359151,-0.26665 z m -1.162204,-0.362768 c 0.01749,-0.02437 0.03118,-0.04466 0.04858,-0.0677 -0.258871,-0.07873 -0.514541,-0.167952 -0.772046,-0.251148 -0.01741,0.02455 -0.03743,0.05205 -0.05478,0.07648 0.259442,0.08068 0.518866,0.161443 0.778245,0.242363 z m 34.685218,0.75396 c -0.32421,0.157723 -0.77186,0.372036 -1.079,0.521414 0.56579,0.552657 1.15326,1.201208 1.82418,2.00918 1.11094,0.115604 2.22292,0.220951 3.33675,0.304374 -1.34324,-0.962062 -2.7118,-1.899645 -4.08193,-2.834968 z m -9.264546,0.213423 c -0.205303,0.178636 -0.388525,0.340622 -0.568957,0.500227 0.272597,-0.119015 0.595704,-0.272749 0.873331,-0.397391 -0.105299,-0.03419 -0.198906,-0.06884 -0.304374,-0.102836 z m -33.905425,0.02585 c -0.276191,1.138309 -0.504613,2.002877 -0.751374,2.983799 0.009,0.3165 0.03498,0.633772 0.04548,0.950328 0.871688,-0.965446 1.74361,-2.020023 2.719213,-3.336745 -0.626779,-0.186524 -1.077389,-0.323615 -2.013315,-0.597382 z m 18.457788,1.513605 c 0.35578,0.258124 0.714521,0.511841 1.071769,0.76791 1.219957,0.33306 2.442641,0.655879 3.669546,0.9617 0.109604,-0.180732 0.207081,-0.362498 0.29197,-0.545187 -1.675926,-0.400815 -3.354435,-0.793105 -5.033285,-1.184423 z m -13.402281,0.894519 c -1.479687,1.954662 -2.862492,3.614687 -4.310332,5.008996 0.168148,-0.03526 0.333587,-0.08136 0.513665,-0.06976 1.526021,0.09829 3.019187,0.374844 4.500499,0.715201 0.776234,-1.542685 1.54119,-3.080777 2.339393,-4.630208 -0.867074,-0.240237 -0.801468,-0.220692 -1.93425,-0.534334 h -5.29e-4 c -0.447178,-0.123862 -0.809316,-0.294699 -1.108459,-0.489892 z m 28.036531,2.03295 c -0.475367,0.195627 -1.014839,0.402203 -1.502752,0.590145 3.892855,0.713017 7.813055,1.27695 11.743985,1.783352 -0.35276,-0.452964 -0.60394,-0.762606 -0.90072,-1.139981 -3.11876,-0.35275 -6.2295,-0.795231 -9.340513,-1.233516 z m -21.961967,0.77928 c -0.454306,0.880078 -0.888347,1.7536 -1.337387,2.632913 0.813909,-0.198638 1.633096,-0.377724 2.440678,-0.598929 0.40358,-0.110543 0.537636,-0.156369 0.923975,-0.262514 -0.172439,-0.226732 -0.358185,-0.44509 -0.496609,-0.691433 -0.05453,-0.09704 -0.09067,-0.202941 -0.14056,-0.302305 -0.467815,-0.252042 -0.930466,-0.512144 -1.390097,-0.777732 z m 35.95749,0.8847 c 0.15546,0.190693 0.4248,0.502499 0.58963,0.703834 0.14101,-0.217064 0.288,-0.442918 0.40256,-0.619083 -0.33143,-0.02035 -0.66108,-0.06081 -0.99219,-0.08475 z m 5.04827,0.290423 c -0.22006,0.3371 -0.67534,1.029324 -0.92449,1.409215 1.00092,0.113041 2.00085,0.233212 3.00189,0.345716 -0.66044,-0.608092 -1.36463,-1.176026 -2.05724,-1.754415 -0.006,-2.65e-4 -0.0137,5e-6 -0.0202,-5.3e-4 z m 5.46427,0.203088 c 0.72169,0.71287 1.44724,1.422072 2.1146,2.184879 4.47914,0.526807 8.95185,1.091409 13.39505,1.823662 2.63531,-1.353934 4.55528,-2.340205 6.75101,-3.465938 -7.64808,-0.07006 -15.10095,-0.261972 -22.26066,-0.542603 z m 29.96406,0.646989 c -2.89108,1.475671 -5.78808,2.940365 -8.68422,4.40645 3.14418,0.635352 6.27005,1.372998 9.36945,2.259808 0.51283,-0.93163 1.07356,-1.937916 1.57665,-2.98328 -0.69355,-1.099497 -1.38785,-2.233432 -2.26188,-3.682978 z m -70.329036,2.240677 c -1.354995,0.379528 -2.088065,0.612235 -3.703132,1.057298 0.542985,0.210334 1.085074,0.425265 1.62729,0.639755 0.693307,-0.568264 1.384853,-1.127334 2.075842,-1.697053 z m 4.754231,0.6258 c -0.07303,0.06078 -0.147523,0.119835 -0.220659,0.180353 0.293012,0.01908 0.58602,0.03829 0.879017,0.05736 -0.218996,-0.08111 -0.438394,-0.160091 -0.658358,-0.237713 z m 1.745631,0.615984 c -0.134622,0.156422 -0.519075,0.345581 -1.01596,0.534334 -0.02957,0.54791 0.09834,0.955652 0.543121,2.601913 0.03653,0.1352 0.0642,0.22918 0.09922,0.3576 0.947271,0.39915 1.208111,0.51231 2.056204,0.87074 -0.193149,-0.45383 -0.36017,-0.91835 -0.471289,-1.39629 -0.11888,-0.51241 0.01609,-1.052282 0.0031,-1.5782 -0.01535,-0.619588 -0.02503,-0.744574 -0.03359,-1.023712 -0.393612,-0.124286 -0.78709,-0.236802 -1.180806,-0.366385 z M 116.92981,98.3754 c 0.6543,0.767657 0.88264,1.086451 1.64331,1.96009 2.03119,0.21249 4.05596,0.40106 6.06372,0.54725 0.0692,0.005 0.13854,0.007 0.20774,0.0124 -0.36779,-0.49285 -0.74597,-0.976277 -1.1374,-1.44746 -0.87746,-0.140372 -1.7551,-0.281707 -2.6324,-0.422196 -1.5362,-0.246001 -2.81407,-0.442896 -4.14497,-0.650089 z m -22.878704,0.981853 c -0.01159,0.518329 -0.09843,1.042767 0.01291,1.546677 0.198962,0.90021 0.470218,0.64112 0.931728,0.99012 0.804018,0.60802 1.58197,1.24996 2.372982,1.87482 1.49992,1.14708 2.030626,1.60814 3.469034,2.54971 0.0337,0.0219 0.0945,-0.003 0.11731,0.03 0.0804,0.11686 0.0777,0.11416 0.15451,0.22582 0.4247,0.17966 1.21959,0.51696 1.62626,0.68833 0.70773,-0.81106 1.41928,-1.61844 2.12183,-2.43447 -1.05397,-0.39785 -2.10456,-0.80329 -3.10161,-1.32344 -4.402524,-2.2967 -4.74698,-2.87389 -5.531451,-3.545001 -0.724696,-0.190728 -1.44903,-0.399079 -2.173512,-0.602546 z m -20.876244,0.06666 c -0.08721,0.173987 -0.17027,0.344387 -0.256315,0.517281 0.880358,0.742406 1.894453,1.588766 2.927987,2.448426 0.56438,-0.45507 1.126207,-0.90729 1.701186,-1.37407 -1.45756,-0.5307 -2.914176,-1.064013 -4.372858,-1.591637 z m 11.837003,0.0026 c -0.170728,0.139478 -0.339775,0.2768 -0.510564,0.417547 0.20411,0.07802 0.409146,0.151136 0.613399,0.22841 -0.03498,-0.214202 -0.07102,-0.427083 -0.102835,-0.645957 z m -17.309536,0.780307 c -0.427511,0.0802 -0.85385,0.16903 -1.285195,0.22273 0.485912,0.15949 1.531794,0.49553 2.044321,0.66249 0.03393,-0.0692 0.0672,-0.13784 0.100769,-0.2067 -0.289475,-0.23646 -0.574981,-0.45359 -0.859895,-0.67852 z m 60.759081,0.004 c 0.20379,0.30954 0.3993,0.62417 0.59635,0.93793 0.89298,0.0506 1.78509,0.11534 2.67838,0.16123 0.31855,-0.14911 0.61845,-0.29017 0.91003,-0.42789 -1.39476,-0.22541 -2.78975,-0.44746 -4.18476,-0.67127 z M 81.369193,102.407 c -0.840772,0.68597 -1.676959,1.37904 -2.511992,2.05465 2.795136,0.90103 5.199198,1.67904 8.293553,2.68718 -0.436494,-1.04158 -0.798002,-2.04116 -1.103294,-3.03909 -1.559587,-0.56714 -3.119297,-1.13392 -4.678267,-1.70274 z m 35.338407,1.26969 c -0.0707,0.70715 -0.72806,1.39714 -1.96525,1.67483 -0.98908,1.68345 -2.17812,3.37201 -3.45974,5.03173 0.8771,-0.16783 1.76159,-0.33803 2.62827,-0.50229 1.58588,-0.78776 3.87905,-1.88573 5.75675,-2.8019 -0.92444,-1.09287 -1.79694,-2.13997 -2.86597,-3.39359 -0.0311,-0.003 -0.0629,-0.005 -0.0941,-0.009 z m -51.02427,0.21394 c 0.06929,0.82478 0.12781,1.64961 0.206706,2.47427 0.328578,-0.6836 0.680273,-1.38984 1.013891,-2.07895 -0.302336,-0.0986 -0.92765,-0.29932 -1.220597,-0.39532 z m 56.14024,0.26355 c 0.37378,0.4369 0.77467,0.90363 1.12913,1.3255 0.81958,-0.39383 1.22586,-0.6066 2.14612,-1.04438 -0.2803,-0.0198 -0.56104,-0.033 -0.84129,-0.0537 -0.81862,-0.0606 -1.62055,-0.15657 -2.43396,-0.22738 z m 10.60555,0.71262 c -0.33914,0.15834 -0.64556,0.3029 -0.9865,0.46198 0.19468,0.37858 0.4073,0.74669 0.59428,1.12965 2.27314,-0.42958 4.55895,-0.86085 6.80837,-1.28571 -2.13917,-0.0941 -4.27769,-0.19969 -6.41615,-0.30592 z m -62.184312,0.50178 c -0.399346,0.81918 -0.821399,1.65867 -1.211295,2.46858 0.82213,-0.64673 1.705433,-1.36377 2.549716,-2.03502 -0.376664,-0.12159 -0.975585,-0.3162 -1.338421,-0.43356 z m 38.392492,0.44648 c -0.8283,0.95799 -1.67184,1.90113 -2.50579,2.85357 0.48253,0.19604 1.03475,0.39829 1.56579,0.60565 1.01664,-1.23492 1.99011,-2.43929 2.76107,-3.4463 -0.60759,0.0235 -1.21493,0.0299 -1.82107,-0.0129 z m -18.259355,0.0305 c 0.380199,0.87547 0.856822,1.70053 1.501717,2.76469 2.536553,0.749 5.071753,1.50305 7.604705,2.26549 0.153117,-0.16624 0.306641,-0.33207 0.460435,-0.49764 -0.116207,-0.20698 -0.235738,-0.41215 -0.35915,-0.61495 -2.485271,-1.05593 -5.618134,-2.394 -9.207707,-3.91759 z m 59.950345,0.69556 c -5.53761,1.06558 -11.22963,2.13619 -16.81913,3.19671 0.32516,0.76849 0.64475,1.53858 0.94465,2.31975 5.11237,-1.5629 10.21281,-3.17036 15.33188,-4.70824 0.18249,-0.26828 0.36189,-0.53868 0.5426,-0.80822 z m -21.86946,0.18449 c -0.47607,0.22339 -1.02117,0.47605 -1.46245,0.68471 0.55499,-0.10429 1.09948,-0.20773 1.65365,-0.31212 -0.0643,-0.12394 -0.12597,-0.24922 -0.1912,-0.37259 z m -52.873262,0.3731 c -3.085693,2.46688 -6.123641,4.87076 -8.841322,6.95048 0.146484,1.22178 0.290756,2.44347 0.440801,3.66438 0.462015,0.24812 0.924668,0.49529 1.374592,0.76533 0.06774,0.0406 0.124582,0.0957 0.189135,0.14056 5.672056,-1.1032 11.343955,-2.20729 17.016016,-3.3104 -0.03251,-0.0308 -0.06464,-0.0533 -0.09715,-0.0858 -0.375801,-0.37581 -0.719963,-0.78592 -1.127064,-1.12758 -2.719382,-2.28228 -5.475719,-4.52033 -8.228955,-6.76186 -0.222649,-0.0717 -0.496924,-0.16134 -0.726053,-0.23513 z m 9.856761,3.1936 c 0.528034,0.43939 1.060682,0.87309 1.586468,1.31517 0.406789,0.34203 0.751768,0.75177 1.12758,1.12758 0.566079,0.56608 0.860843,1.13086 0.964282,1.63918 0.568817,-0.36554 1.043374,-0.62173 1.570963,-0.93948 -0.120658,-0.19889 -0.205158,-0.34299 -0.340548,-0.56379 -0.263522,-0.42975 -0.53504,-0.85594 -0.806669,-1.28209 -0.442709,-0.13326 -0.836181,-0.25724 -1.351854,-0.40515 -1.252234,-0.40978 -1.728513,-0.55876 -2.750222,-0.89142 z m 44.779181,0.0703 c -0.98324,0.18629 -1.9717,0.3749 -2.94918,0.56068 0.63068,0.88637 1.22577,1.77243 1.78026,2.67374 l 1.60765,-0.37775 c 0.22613,-0.0673 0.45093,-0.13956 0.67696,-0.20722 -0.34575,-0.89648 -0.73114,-1.77293 -1.11569,-2.64945 z m -6.81302,1.29501 c -2.01426,0.38351 -4.04546,0.76947 -6.08077,1.156 1.68501,0.57115 4.09492,1.35017 6.28179,2.06344 l 1.80144,-0.42375 c -0.61679,-0.92293 -1.28465,-1.86013 -2.00246,-2.79569 z m 22.58415,1.03766 c -3.35219,0.97218 -6.80262,1.90523 -10.27948,2.81998 0.38341,1.14708 0.73795,2.30562 1.07591,3.46956 0.14881,0.0365 0.30046,0.0599 0.44958,0.0951 h 0.80098 c 0.87559,0 1.53034,0.22264 1.96578,0.55552 0.15165,0.0196 0.30309,0.0405 0.45423,0.0636 1.89341,-2.29739 3.75884,-4.61632 5.533,-7.00371 z m -50.410362,0.70383 c -0.256132,0.0498 -0.512294,0.0995 -0.768426,0.14935 0.381786,0.68444 0.598159,1.09778 0.771527,1.38544 0.398717,-0.38914 0.792713,-0.78278 1.184423,-1.17874 -0.389628,-0.11786 -0.79018,-0.23652 -1.187524,-0.35605 z m -4.396112,0.85525 c -0.67609,0.13149 -1.352206,0.26283 -2.028302,0.39429 0.07918,1.22987 -1.0581,1.99982 -2.439127,1.33583 -1.694254,1.16224 -3.477406,2.42344 -5.327841,3.75998 3.805203,-0.73967 7.610245,-1.48021 11.415326,-2.22054 0.06578,-0.0592 0.129146,-0.12104 0.194818,-0.18035 -0.326183,-0.49535 -0.715528,-1.24737 -1.814874,-3.08921 z m -9.79527,5.4901 c -3.149258,0.61217 -6.298361,1.22521 -9.447484,1.83813 0.454847,0.39565 0.918569,0.77981 1.411284,1.12603 0.32334,0.22721 0.705689,0.3557 1.084689,0.47749 1.020397,-0.21028 2.041027,-0.42038 3.060276,-0.63303 1.317853,-0.95515 2.601037,-1.87673 3.891235,-2.80862 z m -3.891235,2.80862 c -0.523994,0.37975 -1.026358,0.72811 -1.543573,1.09915 1.459693,0.41478 1.915273,0.3854 4.235915,0.63769 0.403516,0.0439 0.740061,0.13817 1.039215,0.2558 1.436957,-0.28662 2.873901,-0.57324 4.310848,-0.8599 1.670143,-1.36101 3.328024,-2.73589 4.959903,-4.13928 -2.558817,0.58258 -4.628941,1.0302 -9.891903,2.32544 -1.027676,0.25292 -2.070007,0.46401 -3.110405,0.6811 z m 24.808819,-6.8709 c -0.65066,0.12488 -1.28914,0.24426 -1.9451,0.37155 -0.385491,0.075 -0.771021,0.1498 -1.156516,0.22479 -0.433414,0.43844 -0.869299,0.87445 -1.311548,1.30432 0.0072,0.012 0.01416,0.0242 0.02119,0.0362 1.325489,-0.44765 2.612644,-0.98723 4.307234,-1.83865 0.028,-0.0329 0.0567,-0.0653 0.0847,-0.0982 z m 30.20643,0.67282 c -0.56454,0.14492 -1.1334,0.27768 -1.69912,0.42117 0.0824,0.16558 0.15459,0.3469 0.23512,0.51521 0.6425,0.20694 1.28408,0.41371 1.92909,0.61237 -0.15985,-0.51454 -0.29614,-1.03792 -0.46509,-1.54875 z m -24.79694,0.67697 c 0.0613,0.1 0.0556,0.0949 0.11989,0.19947 0.24342,0.39586 0.49651,0.78567 0.74362,1.17925 l 2.1022,-0.49454 c -0.98129,-0.29517 -1.9534,-0.57625 -2.96571,-0.88418 z m -3.20755,1.48673 c -0.30382,0.35559 -0.60927,0.70979 -0.91468,1.06401 l 1.36788,-0.32142 c -0.1488,-0.23994 -0.3034,-0.49732 -0.4532,-0.74259 z m 13.14441,1.46244 c -2.502,0.59282 -4.59373,1.06543 -7.04194,1.63298 0.46289,0.72011 0.92674,1.43982 1.38596,2.16214 2.52283,3.79268 2.74946,4.07212 5.10925,7.8512 0.36678,0.58739 0.64393,1.2346 1.0697,1.78077 0.40609,0.52092 0.83739,1.02126 1.26711,1.5229 0.31701,-0.26009 0.62635,-0.53057 0.96324,-0.76378 0.12164,-0.0842 0.28008,-0.0977 0.41083,-0.16691 0.88649,-0.46904 2.68607,-1.44377 3.15847,-2.33733 0.33709,-0.63763 0.36968,-1.39416 0.55448,-2.09134 0.53486,-1.11777 0.96216,-2.29366 1.60456,-3.35329 0.77505,-1.27844 1.81153,-2.44195 2.91403,-3.51658 -3.94765,-0.78891 -7.65855,-1.69077 -11.39569,-2.72076 z m -10.67015,2.47427 c -2.30842,0.53178 -4.43634,1.0307 -6.75152,1.56579 -0.353442,0.5485 -0.705616,1.09785 -1.063502,1.64331 -1.282502,1.99117 -2.040543,3.17016 -2.777093,4.36201 1.581473,0.50121 1.721863,0.5476 3.968235,1.25005 0.964,0.37085 1.94345,0.70637 2.91972,1.04903 -0.31264,-0.39459 -0.62498,-0.78945 -0.9369,-1.18442 -2.15898,-2.7339 0.60373,-4.91459 2.76211,-2.18023 1.47147,1.86415 2.95688,3.71716 4.49843,5.52421 0.16604,0.2129 0.30476,0.45563 0.45321,0.68782 0.49093,0.24573 0.97222,0.4987 1.45934,0.74724 0.098,-0.0138 0.19507,-0.0243 0.28835,-0.0212 0.30907,0.0102 0.62239,0.1079 0.92656,0.0522 0.2088,-0.0383 0.42212,-0.49279 0.5488,-0.32246 0.4377,0.58849 0.71985,1.16857 0.91933,1.66501 0.0981,0.0516 0.19971,0.10025 0.29765,0.15193 -0.0727,-1.12986 -0.29008,-2.4593 0.43512,-2.48667 2.6e-4,-0.004 5.3e-4,-0.007 0.001,-0.0108 0.0145,0.002 0.0289,0.003 0.0434,0.005 -0.30686,-0.46093 -0.54549,-0.96863 -0.83923,-1.43918 -2.34319,-3.75369 -2.57984,-4.04763 -5.10873,-7.85069 -0.87228,-1.37286 -1.39593,-2.19484 -2.04432,-3.20807 z m -14.430124,0.20877 c -0.09563,0.0218 -0.313857,0.0749 -0.411342,0.0972 -1.709404,1.45526 -3.455178,2.87046 -5.197615,4.28914 1.145738,0.34523 4.244231,1.33171 5.989296,1.88671 0.209706,-0.35019 0.406492,-0.70805 0.621151,-1.05523 0.566865,-0.91681 1.161966,-1.81595 1.751314,-2.7187 -1.629031,0.37895 -3.477741,0.80117 -4.966104,1.15135 0.820698,-1.31648 1.55485,-2.52893 2.2133,-3.65042 z m 40.870374,0.81804 c 0.33226,1.08499 0.6528,2.20744 0.95343,3.41322 0.25876,-0.29343 0.52685,-0.57836 0.78445,-0.87281 -0.17649,-0.78574 -0.38812,-1.563 -0.58085,-2.34507 -0.39162,-0.063 -0.77193,-0.13033 -1.15703,-0.19534 z m -48.98719,1.10071 c -0.896551,0.21489 -1.490705,0.35041 -2.319755,0.54828 0.21156,0.22329 0.375242,0.46295 0.438216,0.71779 0.09143,0.022 0.156464,0.0424 0.245464,0.0641 0.545902,-0.44278 1.090316,-0.88723 1.636075,-1.33015 z m 46.18581,1.59163 c -2.7173,3.94663 -0.8178,0.21573 -2.90008,4.87929 -0.22426,2.30787 -1.95266,3.93705 -3.76153,5.17642 -0.52377,0.73235 -1.46848,0.70744 -2.1425,1.16066 -0.0477,0.0321 -0.0695,0.0909 -0.10077,0.14004 0.63597,0.72088 1.04662,1.20112 1.39423,1.60766 0.11628,-0.11634 0.23412,-0.23231 0.34985,-0.34882 2.72753,-2.87983 5.42446,-5.80229 8.09304,-8.75244 -0.2935,-1.3888 -0.60351,-2.66839 -0.93224,-3.86281 z m -56.932441,1.28984 c -1.557351,0.45151 -3.116575,0.89282 -4.688086,1.27021 0.236331,0.42611 0.466151,0.85807 0.729155,1.26039 0.713131,1.65291 1.562303,3.26196 2.374532,4.8829 1.509527,-1.28911 3.016948,-2.58081 4.526338,-3.87004 0.902859,-0.77117 1.820841,-1.52549 2.736784,-2.28204 -1.293707,-0.29116 -3.656703,-0.81394 -5.678723,-1.26142 z m 9.962184,2.30529 c -1.583621,1.29261 -3.172547,2.57908 -4.72581,3.9057 -1.486538,1.26963 -2.971419,2.54115 -4.458126,3.81062 0.656254,0.60628 1.308338,1.23615 1.960602,1.84227 3.379631,0.4565 8.884981,1.20405 15.292607,2.06912 0.01786,-1.9722 0.05902,-3.94431 0.149863,-5.91436 -0.520364,-0.2596 -0.952612,-0.99379 -1.231451,-2.4412 -0.07117,-0.36941 0.156298,-0.69868 0.40721,-1.02268 -3.257547,-1.03682 -5.560004,-1.76142 -7.394895,-2.24947 z m 11.718663,3.61838 c -0.03745,0.0448 -0.06713,0.0895 -0.105421,0.13333 0.104386,0.12641 0.203375,0.25785 0.294558,0.39532 0.295185,0.44505 -0.148883,1.05926 -0.175183,1.59267 -0.07209,1.4639 -0.09009,2.9297 -0.119891,4.39508 -0.01884,0.92867 -0.01886,1.36809 -0.02585,1.96939 0.0028,2.6e-4 0.0029,1.4e-4 0.0057,5.3e-4 7.380961,0.99264 14.882741,1.39719 22.155751,2.95899 0.40109,-0.39414 0.79269,-0.79371 1.19218,-1.18908 -3.67429,-2.02785 -7.36656,-4.01206 -11.10734,-5.85597 -2.62029,-1.2916 -5.45161,-2.10268 -8.177274,-3.15381 -1.89227,-0.59314 -2.522267,-0.79805 -3.937227,-1.24644 z m 21.573364,5.37177 c 0.74716,0.40323 1.48941,0.81076 2.235,1.21543 -0.0766,-0.0885 -0.15295,-0.17759 -0.22996,-0.26562 -0.25631,-0.29301 -0.51018,-0.58832 -0.76636,-0.8816 -0.41231,-0.006 -0.83027,-0.0288 -1.23868,-0.0682 z m -43.133805,4.72529 c -0.295203,0.32955 -0.618394,0.63854 -0.907954,0.91467 -0.378825,0.36126 -0.811139,0.67261 -1.2299,0.99736 0.08422,0.39252 0.179472,0.78241 0.267684,1.17409 1.188053,0.18165 2.303235,0.33985 4.486032,0.64543 1.199036,0.0897 2.39655,0.20388 3.594613,0.3111 -1.011727,-0.96615 -2.002713,-1.90144 -3.003436,-2.85151 -1.017413,-0.36998 -2.134846,-0.79209 -3.207039,-1.19114 z m 12.396661,0.71365 c 1.677469,0.57966 3.744423,1.28202 5.511808,1.88464 -0.0019,-0.37891 0.0016,-0.75791 5.29e-4,-1.13688 -1.86739,-0.25324 -3.865192,-0.52337 -5.512324,-0.74776 z m 9.022704,1.2175 c 0.0033,0.47712 0.0039,0.76679 0.0078,1.43247 0.0048,0.14892 0.01659,0.29792 0.02687,0.447 1.457489,0.49684 2.592382,0.8843 4.229198,1.44591 3.379622,1.12363 6.751992,2.26938 10.128572,3.40237 1.57628,-1.42553 3.13804,-2.8685 4.67517,-4.33823 -6.29246,-1.1238 -12.72149,-1.55532 -19.067563,-2.38952 z m -10.028846,2.15697 c 0.09396,0.0895 0.184841,0.17188 0.279053,0.262 0.0885,-0.003 0.280797,-0.0243 0.392224,-0.0326 -0.206602,-0.0712 -0.465415,-0.15835 -0.671277,-0.22945 z m -12.354801,2.67839 c 0.330944,1.22806 0.685755,2.44739 1.084689,3.64887 3.456035,-0.53287 6.841318,-1.15821 10.593152,-2.05568 -0.167857,-0.1623 -0.420952,-0.40952 -0.585494,-0.56844 -3.375866,-0.18323 -6.744819,-0.47599 -7.770585,-0.55036 -1.604597,-0.22245 -2.263687,-0.32914 -3.321762,-0.47439 z m 24.012488,1.30742 c 7.94e-4,0.0493 0.01267,0.0901 0.01188,0.14056 -0.01458,0.92162 -0.924243,1.24791 -2.015898,1.42885 -0.07453,0.70796 -0.09408,0.62743 -0.07906,0.0103 -0.06525,0.0103 -0.133665,0.017 -0.199988,0.0264 -0.07359,0.67899 -0.164563,1.58099 -0.294039,2.97243 -0.008,0.0862 -0.0095,0.17169 -0.01704,0.25787 0.600776,0.58343 1.171164,1.12882 1.82056,1.77405 0.93653,0.93049 1.862098,1.87236 2.798279,2.80345 2.656675,-1.93003 5.214145,-3.99344 7.706505,-6.13865 -2.7339,-0.91963 -5.46529,-1.84695 -8.203631,-2.75281 -0.585105,-0.20074 -0.964972,-0.33008 -1.527556,-0.52245 z m -9.36997,3.16569 c -4.528391,1.15133 -8.576416,1.93437 -12.306744,2.52129 1.329642,3.24133 2.998115,6.32635 5.220353,9.12141 2.548038,3.33726 7.065285,1.59837 10.200413,-0.0249 -0.0797,-2.86184 -0.107845,-5.69217 0.05012,-8.54419 -1.005081,-0.97513 -2.150168,-2.0891 -3.164147,-3.07372 z m 6.564456,6.37482 c -0.01024,1.05682 -0.0064,2.11359 0.01497,3.1724 0.653383,-0.41828 1.3047,-0.83947 1.947685,-1.27227 -0.654841,-0.63273 -1.309468,-1.26577 -1.962671,-1.90013 z" />
  </g>
</svg>
